// ===== Generated C++ model data (with per-vertex normals embedded) =====
// Source OBJ: wang.obj

static const GameApp::VertexPosColor tempVertices[] = {
    { XMFLOAT3(-19.35, -24.43, 3.495), XMFLOAT3(-0.485071, -0.485071, 0.727607), XMFLOAT4(0.42, 0.01, 0.83, 1) },
    { XMFLOAT3(-19.35, -21.19, 3.495), XMFLOAT3(-0.408248, 0.816497, 0.408248), XMFLOAT4(0.3, 0.37, 0.19, 1) },
    { XMFLOAT3(-19.35, -21.19, 0.000000), XMFLOAT3(-0.816497, 0.408248, -0.408248), XMFLOAT4(0.57, 0.16, 0.12, 1) },
    { XMFLOAT3(-19.35, -24.43, 0.000000), XMFLOAT3(-0.301511, -0.301511, -0.904534), XMFLOAT4(0.43, 0.56, 0.17, 1) },
    { XMFLOAT3(5.81, -21.19, 0.000000), XMFLOAT3(0.666667, 0.666667, -0.333333), XMFLOAT4(0.55, 0.35, 0.96, 1) },
    { XMFLOAT3(5.81, -21.19, 3.495), XMFLOAT3(0.57735, 0.57735, 0.57735), XMFLOAT4(0.09, 0.98, 0.41, 1) },
    { XMFLOAT3(5.81, -24.43, 3.495), XMFLOAT3(0.666667, -0.333333, 0.666667), XMFLOAT4(0.5, 0.15, 0.72, 1) },
    { XMFLOAT3(5.81, -24.43, 0.000000), XMFLOAT3(0.333333, -0.666667, -0.666667), XMFLOAT4(0.19, 0.34, 0.02, 1) },
    { XMFLOAT3(4.39, -1.33, 3.495), XMFLOAT3(0.666667, 0.333333, 0.666667), XMFLOAT4(0.34, 0.97, 0.98, 1) },
    { XMFLOAT3(4.39, -1.33, 0.000000), XMFLOAT3(0.333333, 0.666667, -0.666667), XMFLOAT4(0.74, 0.000000, 0.94, 1) },
    { XMFLOAT3(-5.11, -21.19, 3.495), XMFLOAT3(0.182574, 0.365148, 0.912871), XMFLOAT4(0.87, 0.77, 0.18, 1) },
    { XMFLOAT3(-8.59, -21.19, 3.495), XMFLOAT3(-0.534522, 0.267261, 0.801784), XMFLOAT4(0.1, 0.41, 0.89, 1) },
    { XMFLOAT3(-8.59, -4.61, 0.000000), XMFLOAT3(-0.485071, -0.485071, -0.727607), XMFLOAT4(0.58, 0.74, 0.23, 1) },
    { XMFLOAT3(-8.59, -21.19, 0.000000), XMFLOAT3(-0.218218, 0.436436, -0.872872), XMFLOAT4(0.52, 0.71, 0.82, 1) },
    { XMFLOAT3(-5.11, -21.19, 0.000000), XMFLOAT3(0.436436, 0.218218, -0.872872), XMFLOAT4(0.81, 0.23, 0.87, 1) },
    { XMFLOAT3(4.39, -4.61, 0.000000), XMFLOAT3(0.666667, -0.666667, -0.333333), XMFLOAT4(0.22, 0.8, 0.56, 1) },
    { XMFLOAT3(4.39, -4.61, 3.495), XMFLOAT3(0.57735, -0.57735, 0.57735), XMFLOAT4(0.19, 0.59, 0.52, 1) },
    { XMFLOAT3(-5.11, -4.61, 0.000000), XMFLOAT3(0.19245, -0.19245, -0.96225), XMFLOAT4(0.96, 0.04, 0.16, 1) },
    { XMFLOAT3(3.31, -14.11, 0.000000), XMFLOAT3(0.57735, -0.57735, -0.57735), XMFLOAT4(0.98, 0.83, 0.15, 1) },
    { XMFLOAT3(3.31, -10.85, 0.000000), XMFLOAT3(0.408248, 0.816497, -0.408248), XMFLOAT4(0.23, 0.54, 0.16, 1) },
    { XMFLOAT3(3.31, -10.85, 3.495), XMFLOAT3(0.666667, 0.333333, 0.666667), XMFLOAT4(0.32, 0.05, 0.71, 1) },
    { XMFLOAT3(-8.59, -14.11, 0.000000), XMFLOAT3(-0.485071, -0.485071, -0.727607), XMFLOAT4(0.08, 0.99, 0.92, 1) },
    { XMFLOAT3(-8.59, -10.85, 0.000000), XMFLOAT3(-0.162221, 0.162221, -0.973329), XMFLOAT4(0.79, 0.77, 0.37, 1) },
    { XMFLOAT3(-8.59, -10.85, 3.495), XMFLOAT3(-0.348155, 0.348155, 0.870388), XMFLOAT4(0.68, 0.76, 0.48, 1) },
    { XMFLOAT3(-8.59, -4.61, 3.495), XMFLOAT3(-0.301511, -0.301511, 0.904534), XMFLOAT4(0.06, 0.63, 0.33, 1) },
    { XMFLOAT3(-5.11, -4.61, 3.495), XMFLOAT3(0.348155, -0.348155, 0.870388), XMFLOAT4(0.61, 0.42, 0.95, 1) },
    { XMFLOAT3(-5.11, -10.85, 0.000000), XMFLOAT3(0.436436, 0.218218, -0.872872), XMFLOAT4(0.2, 0.77, 0.7, 1) },
    { XMFLOAT3(-8.59, -14.11, 3.495), XMFLOAT3(-0.19245, -0.19245, 0.96225), XMFLOAT4(0.56, 0.08, 0.16, 1) },
    { XMFLOAT3(-5.11, -14.11, 3.495), XMFLOAT3(0.408248, -0.408248, 0.816497), XMFLOAT4(0.97, 0.23, 0.16, 1) },
    { XMFLOAT3(-5.11, -14.11, 0.000000), XMFLOAT3(0.19245, -0.19245, -0.96225), XMFLOAT4(0.29, 0.54, 0.52, 1) },
    { XMFLOAT3(-5.11, -10.85, 3.495), XMFLOAT3(0.218218, 0.436436, 0.872872), XMFLOAT4(0.000000, 0.000000, 0.5, 1) },
    { XMFLOAT3(-18.03, -4.61, 3.495), XMFLOAT3(-0.666667, -0.666667, 0.333333), XMFLOAT4(0.18, 0.61, 0.8, 1) },
    { XMFLOAT3(-18.03, -4.61, 0.000000), XMFLOAT3(-0.57735, -0.57735, -0.57735), XMFLOAT4(0.1, 0.51, 0.41, 1) },
    { XMFLOAT3(3.31, -14.11, 3.495), XMFLOAT3(0.57735, -0.57735, 0.57735), XMFLOAT4(0.79, 0.95, 0.42, 1) },
    { XMFLOAT3(-18.03, -1.33, 3.495), XMFLOAT3(-0.267261, 0.534522, 0.801784), XMFLOAT4(0.24, 0.88, 0.03, 1) },
    { XMFLOAT3(-16.73, -14.11, 3.495), XMFLOAT3(-0.57735, -0.57735, 0.57735), XMFLOAT4(0.33, 0.39, 0.18, 1) },
    { XMFLOAT3(-16.73, -14.11, 0.000000), XMFLOAT3(-0.408248, -0.408248, -0.816497), XMFLOAT4(0.68, 0.52, 0.25, 1) },
    { XMFLOAT3(-16.73, -10.85, 0.000000), XMFLOAT3(-0.666667, 0.666667, -0.333333), XMFLOAT4(0.41, 0.69, 0.32, 1) },
    { XMFLOAT3(-16.73, -10.85, 3.495), XMFLOAT3(-0.57735, 0.57735, 0.57735), XMFLOAT4(0.07, 0.46, 0.2, 1) },
    { XMFLOAT3(-18.03, -1.33, 0.000000), XMFLOAT3(-0.534522, 0.267261, -0.801784), XMFLOAT4(0.62, 0.2, 0.14, 1) },
};

static const WORD tempIndices[] = {
    2, 1, 0, 3, 2, 0, 6, 5, 4, 7, 6, 4,
    10, 0, 11, 6, 10, 5, 14, 3, 7, 14, 7, 4,
    16, 25, 8, 9, 17, 15, 25, 16, 15, 8, 9, 15,
    16, 8, 15, 1, 2, 13, 11, 1, 13, 23, 22, 12,
    24, 23, 12, 0, 6, 7, 3, 0, 7, 17, 12, 22,
    26, 17, 22, 11, 13, 21, 27, 11, 21, 14, 10, 28,
    29, 14, 28, 23, 24, 25, 30, 23, 25, 31, 24, 12,
    32, 31, 12, 20, 19, 18, 33, 20, 18, 10, 14, 4,
    5, 10, 4, 24, 31, 34, 25, 34, 8, 34, 25, 24,
    30, 26, 19, 20, 30, 19, 15, 17, 25, 21, 36, 35,
    27, 21, 35, 37, 22, 23, 38, 37, 23, 18, 29, 28,
    33, 18, 28, 25, 17, 26, 30, 25, 26, 23, 27, 35,
    23, 35, 38, 27, 23, 30, 30, 28, 27, 28, 30, 20,
    33, 28, 20, 35, 36, 37, 38, 35, 37, 31, 32, 39,
    34, 31, 39, 3, 14, 13, 3, 13, 2, 12, 39, 32,
    39, 17, 9, 17, 39, 12, 13, 14, 29, 21, 13, 29,
    9, 34, 39, 34, 9, 8, 11, 0, 1, 0, 10, 6,
    22, 37, 36, 22, 29, 26, 26, 18, 19, 26, 29, 18,
    22, 21, 29, 21, 22, 36, 27, 28, 10, 11, 27, 10
};

// meta
// verticesCount = 40
// indexCount = 228
// NOTE: tempVertices 已包含法线 (pos, normal, color)。若渲染法线方向不对，可在渲染端反向法线或调整三角顺序。
